1,,,0,0,0,0,1,أول مرحلة,1,1,1,3,0,1,,0,1,0,
2,,,0,0,0,0,1,نهاية المرحلة,1,2,1,3,0,,,1,2,0,
3,,,0,0,0,0,1,تقديم طلب نشر كتاب,2,1,1,3,0,1,,1,3,0,
4,,,0,0,0,0,1,تقديم طلب نشر كتاب,3,1,5,3,0,1,,0,4,0,
5,,,0,0,0,0,1,مراجعة موظف الاستقبال ,3,2,1,3,0,,,0,5,0,
6,,,0,0,0,0,1,تحديد موعد معاينة,3,3,5,3,0,2,,0,6,0,
7,,,0,0,0,0,1,انهاء الطلب,3,4,1,3,0,,,1,7,0,
8,,,0,0,0,0,1,تقديم الطلب,4,1,5,0,0,3,,0,8,0,Submit an application
9,,,0,0,0,0,1,مراجعة الطلب,4,2,2,2,0,,,1,9,0,Review the application
12,,,0,0,0,0,1,تقديم الطلب,5,1,5,0,0,,,0,12,0,Submit Request
13,,,0,0,0,0,1,مراجعة الطلب,5,2,2,4,0,,,0,13,0,Request Review
14,,,0,0,0,0,1,معاينة المقتنى او المخطوط,5,3,2,5,0,,,0,14,0,Inspect the item or Manuscript
15,,,0,0,0,0,1,اجراء التعقيم او الترميم او التجليد ,5,5,2,6,0,,,0,15,0,Apply the Sterilization, Restoration, orBinding
16,,,0,0,0,0,1,مراجعة الاجراء ,5,6,2,7,0,,,0,16,0,Review Request
17,,,0,0,0,0,1,اعتماد الاجراء,5,7,2,8,0,,,1,17,0,Procedure Approval 
18,,,0,0,0,0,1,تقديم الطلب,6,1,5,0,0,,,0,18,0,Submit Request
19,,,0,0,0,0,1,مراجعة موظف الاستقبال,6,2,2,4,0,,,0,19,0,Receptionist Review 
20,,,0,0,0,0,1,معاينة الوثائق,6,3,2,5,0,,,0,20,0,Inspect Document 
21,,,0,0,0,0,1,مراجعة الاجراء,6,4,2,7,0,,,0,21,0,Procedure Review 
22,,,0,0,0,0,1,اعتماد الاجراء,6,5,2,8,0,,,1,22,0,Procedure Approval
23,,,0,0,0,0,1,تقديم الطلب,7,1,5,0,0,,,0,23,0,Submit an Application
24,,,0,0,0,0,1,مراجعة موظف الاستقبال,7,2,2,4,0,,,0,24,0,Receptionist review
25,,,0,0,0,0,1,استلام المخطوط ,7,3,2,4,0,,,0,25,0,Receive the manuscript
26,,,0,0,0,0,1,معاينة المخطوط ,7,4,2,5,0,,,0,26,0,Manuscript Inspection
27,,,0,0,0,0,1,دفع تكاليف الخدمة,7,5,5,0,0,,,0,27,0,Pay Service Fees
28,,,0,0,0,0,1,مراجعة مدير المركز,7,6,2,8,0,,,0,28,0,Center Director Review 
29,,,0,0,0,0,1,الرقمنة,7,7,2,9,0,,,0,29,0,Digitization
30,,,0,0,0,0,1,مراجعة الرقمنة,7,8,2,10,0,,,0,30,0,Digitization Review
31,,,0,0,0,0,1,اعتماد مدير المركز ,7,9,2,8,0,,,1,31,0,Director Approval
32,,,0,0,0,0,1,تقديم الطلب,8,1,5,0,0,,,0,32,0,Submit an application
33,,,0,0,0,0,1,مراجعة الطلب,8,2,2,2,0,,,0,33,0,Review the application
34,,,0,0,0,0,1,دفع التكاليف,8,3,5,0,0,,,0,34,0,Pay the Fees
35,,,0,0,0,0,1,تقديم الطلب,9,1,5,0,0,,,0,35,0,Submit an application
36,,,0,0,0,0,1,مراجعة الطلب,9,2,2,10,0,,,0,36,0,Review the Application
37,,,0,0,0,0,1,مراجعة رئيس القسم,9,3,2,7,0,,,1,37,0,Department Head Review
38,2,1,0,0,0,0,1,عرض على موظف المجمع,10,1,5,0,0,9,,1,38,0,
39,4,3,0,0,0,0,1,kjtr,14,1,5,0,0,3,,1,39,0,
1038,1003,1002,0,0,0,0,1,LKL,1020,1,5,0,0,3,,0,1038,0,
1039,1005,1004,0,0,0,0,1,LHLL,1020,2,5,0,0,3,,0,1039,0,
2038,,,0,0,0,0,1,دفع التكاليف,5,4,5,0,0,,,0,2038,0,Pay the Fees
2039,,,0,0,0,0,1,ss,2011,1,0,0,0,,,0,2039,0,
2040,,,0,0,0,0,1,مراجعة ايصال الدفع,8,4,2,2,0,,,1,2040,0,Review Payment Receipt
2051,,,0,0,0,0,1,إعتماد أو رفض الطلب,9,4,5,0,0,,,1,2041,0,Approve or Reject the Request
2052,,,0,0,0,0,1,قبول أو إرجاع الطلب,8,5,5,0,0,,,1,2042,0,Approve or Return the Request
2053,,,0,0,0,0,1,موافقة أو رفض الطلب,4,3,0,0,0,,,1,2043,0,Approve or Reject the Request
2054,,,0,0,0,0,1,تقديم الطلب ,2024,1,0,0,0,,,0,2044,0,Submit an Application
2055,,,0,0,0,0,1,مراجعة وقبول أو رفض الطلب,2024,2,0,0,0,,,0,2045,0,Review and Approve or Reject the Application 
2056,,,0,0,0,0,1,إشعار بالموافقة أو الرفض لبدء إضافة المقتنيات,2024,3,0,0,0,,,0,2046,0,Approval or Rejection Notice for Content Addition
2057,,,0,0,0,0,1,تقديم الطلب,2025,1,5,0,0,,,0,2047,0,Submit an Application
2058,,,0,0,0,0,1,مراجعة موظف الاستقبال ,2025,2,0,0,0,,,0,2048,0, Receptionist Review
2059,,,0,0,0,0,1,مراجعة وموافقة أو رفض مدير القسم,2025,3,0,0,0,,,0,2049,0,Head Department Review to Approve or Reject 
2060,,,0,0,0,0,1,تقديم طلب ,2026,1,5,0,0,,,0,2050,0,Submit an Application
2061,,,0,0,0,0,1,تعيين باحث داخلي,2026,2,0,0,0,,,0,2051,0,Assign an Internal Researcher 
2062,,,0,0,0,0,1,المراجعة والتأكيد  على الاستشارة البحثية عبر رئيس القسم,2026,4,0,0,0,,,0,2052,0,  Review and Confirm the Research Consultation by the Head of the Department
2063,,,0,0,0,0,1,الرد على الاستشارة البحثية عبر باحث داخلي ,2026,3,0,0,0,,,0,2053,0,An Internal Researcher Response to the consultation  
2064,,,0,0,0,0,1,اعتماد رد على استشارة بحثية,2026,5,0,0,0,,,0,2054,0,Approve the Research Consultation 
2065,,,0,0,0,0,1,تقديم طلب ,2028,1,5,0,0,,,0,2055,0,Submit an Application 
2066,,,0,0,0,0,1,مراجعة المخطوط,2028,2,2,0,0,,,0,2056,0,Manuscript Review
2067,,,0,0,0,0,1,اشعار مقدم الطلب بالموافقة أو الرفض,2028,3,5,0,0,,,0,2057,0,Applicant Notification of Approval or Rejection
2068,,,0,0,0,0,1,تقديم طلب إفادة عن أصالة وثائق، مخطوطات، مقتنيات,2027,1,5,0,0,,,0,2058,0,Submit a Request for Authentication of Documents, Manuscripts, or Artifacts
2069,,,0,0,0,0,1,تحديد موعد معاينة ,2027,2,5,0,0,,,0,2059,0,Requesting an Appointment for Authentication Inspection
2070,,,0,0,0,0,1,الموافقة على الطلب وتحديد التكلفة ,2027,3,5,0,0,,,0,2060,0,Request Approval, Fees Assessment 
